18
3 3 3 3 3 3 3 3 3 3 20 20 20 20 20 40 40 40
1 1 1 1 1 1 1 1 1 1  5  5 10 10 10 10 15 25
A0262 51030 Ge 3 3 2 3 3 3 3 3 3 3 15 19 14 13 20 33 37 39
A6958 51050 Mao 2 3 0 3 3 3 0 3 2 3 5 10 0 14 15 26 29 31
A8338 51005 Oursland 1 3 1 2 1 3 3 2 2 2 16 13 5 10 17 13 25 16
B2065 51005 Oursland 2 3 0 2 3 2 2 3 1 2 17 4 11 14 20 21 30 28
B4563 51040 Hu 2 2 3 0 2 0 3 3 0 3 0 18 0 0 0 32 28 0
B5155 51040 Hu 3 0 1 2 2 3 3 0 0 0 0 0 0 0 0 0 16 0
B6900 51050 Mao 3 3 3 2 3 3 3 3 3 3 20 18 20 19 20 37 39 38
B6982 51035 Kumar 3 3 3 3 2 3 3 2 3 3 14 10 5 15 20 36 34 32
B7225 51015 Mao 0 3 3 3 3 3 0 2 0 3 15 17 16 15 18 33 28 39
B7809 51040 Hu 3 1 2 2 3 2 3 3 3 3 8 7 10 10 20 28 34 36
B7893 51005 Oursland 3 2 0 3 3 3 3 3 1 3 20 20 20 20 20 39 38 40
B8712 51010 Kumar 1 3 3 3 3 3 3 3 3 3 19 20 20 15 20 35 39 39
B9426 51005 Oursland 2 1 2 0 1 3 3 2 0 1 13 16 4 14 20 28 27 33
C0326 51005 Oursland 3 3 3 3 2 3 3 2 3 2 20 19 18 20 20 35 38 36
C2114 51035 Kumar 3 1 3 2 2 2 2 3 2 3 12 19 17 20 20 20 19 29
C2237 51015 Mao 3 3 3 3 2 3 3 3 3 3 13 12 14 14 15 31 27 31
C5542 51000 Oursland 3 2 0 3 1 3 3 3 3 3 20 13 8 19 20 30 34 33
C6172 51030 Ge 0 3 0 2 0 3 0 3 2 3 19 0 10 19 20 24 33 17
C6517 51010 Kumar 3 3 3 3 3 3 3 3 3 3 20 20 20 20 20 39 39 40
C6754 51030 Ge 3 3 2 2 2 3 3 3 2 3 16 20 20 19 20 27 36 34
C7313 51030 Ge 1 3 2 3 2 3 0 2 2 3 18 10 10 10 17 32 29 29
C7762 51020 Ge 3 3 3 2 2 3 3 3 3 2 20 18 20 19 20 33 37 40
C7842 51005 Oursland 3 3 3 3 3 3 3 3 1 2 20 19 20 20 19 36 37 36
C8059 51030 Ge 3 3 2 2 3 0 3 2 3 3 14 10 20 14 13 34 38 34
C8777 51020 Ge 3 3 2 2 3 3 3 1 3 3 15 10 16 10 17 31 36 31
C8782 51030 Ge 3 3 0 2 0 3 3 3 2 3 16 10 20 14 13 30 30 29
C8788 51015 Mao 3 0 3 3 1 1 3 3 2 3 16 13 10 14 18 23 28 28
C8890 51040 Hu 3 3 3 1 2 3 3 3 3 3 19 20 20 20 20 30 32 36
C8946 51010 Kumar 2 3 3 3 3 3 3 3 3 3 20 20 20 20 20 30 36 37
C9153 51015 Mao 3 3 3 3 3 3 3 3 2 2 16 10 10 14 18 28 25 30
C9375 51020 Ge 3 3 3 2 3 0 3 3 3 3 17 20 19 20 20 37 37 37
C9388 51030 Ge 1 3 3 3 3 3 3 3 2 3 20 14 20 17 20 34 34 29
D6262 51005 Oursland 3 3 3 3 2 3 3 3 3 2 20 20 0 0 0 30 34 35
D6543 51000 Oursland 2 2 2 3 3 3 3 3 0 2 4 14 9 20 20 23 28 31
D7191 51040 Hu 3 3 3 2 3 3 3 3 2 3 18 18 10 20 20 35 36 29
D7353 51035 Kumar 0 1 0 0 0 0 0 0 0 0 4 0 0 0 0 33 0 0
D9238 51050 Mao 2 3 3 0 3 0 3 3 2 3 18 13 13 14 18 27 25 32
D9814 51005 Oursland 3 3 3 3 0 3 3 3 2 2 20 17 18 20 20 29 40 34
E6564 51020 Ge 3 3 3 3 3 3 3 3 3 3 20 19 20 17 20 33 37 34
F7950 51010 Kumar 3 2 3 3 3 3 3 3 3 3 19 19 16 20 20 34 34 38
F9578 51015 Mao 3 3 3 3 0 3 3 1 3 3 15 13 18 20 20 31 28 38
G0771 51010 Kumar 2 3 3 3 3 3 2 3 3 3 19 20 16 20 20 29 36 40
G4539 51040 Hu 3 2 3 1 1 3 3 2 3 3 17 20 20 20 20 30 30 33
G5396 51005 Oursland 3 0 0 1 2 3 0 0 3 1 17 9 12 10 17 28 24 27
G6577 51035 Kumar 1 1 0 0 2 2 2 3 3 3 0 0 0 10 20 29 32 28
G7825 51010 Kumar 1 1 0 0 3 3 3 2 0 3 11 11 13 13 17 21 19 33
G8070 51005 Oursland 3 2 2 3 3 3 0 3 1 3 20 20 20 18 20 33 37 36
G9026 51030 Ge 3 3 3 1 2 3 3 2 2 3 17 0 5 5 10 23 30 37
H0575 51015 Mao 0 3 3 3 3 3 3 2 3 3 19 19 10 18 18 25 25 30
H2009 51040 Hu 3 3 2 2 3 3 3 3 3 3 18 20 19 20 20 36 35 38
H3097 51015 Mao 3 3 3 3 3 3 3 2 2 3 14 16 10 14 18 31 21 36
H3348 51015 Mao 3 3 3 3 2 2 3 2 2 3 20 20 16 17 20 31 34 33
H4595 51030 Ge 0 3 3 1 0 3 3 3 1 3 9 18 0 0 0 22 30 5
H5759 51020 Ge 3 3 3 3 3 3 3 3 3 3 18 18 20 20 20 33 36 36
H6257 51040 Hu 2 2 3 3 3 3 3 2 3 3 17 17 15 20 20 30 33 36
H6738 51010 Kumar 3 3 3 0 3 3 2 0 3 3 19 20 17 18 20 31 34 23
H6938 51040 Hu 3 2 3 2 1 3 0 2 0 3 16 20 20 20 20 27 33 38
H7842 51005 Oursland 3 3 3 3 3 3 3 3 1 3 20 20 20 20 19 33 33 38
H8232 51020 Ge 3 3 3 3 0 3 3 3 1 3 16 12 0 0 17 30 33 31
H9212 51030 Ge 2 3 2 3 2 3 1 3 1 3 12 18 15 10 20 25 29 26
J6235 51000 Oursland 3 2 3 2 2 2 3 3 2 3 20 15 15 20 20 32 36 25
J7943 51035 Kumar 0 0 0 0 0 0 0 0 0 0 0 0 0 0 0 21 13 0
J8768 51015 Mao 3 3 3 3 2 3 3 3 3 3 20 20 20 20 20 32 36 32
K0507 51000 Oursland 3 2 3 3 2 3 3 2 0 0 18 18 15 18 20 24 20 25
K5639 51015 Mao 3 3 3 2 3 3 1 0 2 2 13 14 17 18 18 27 32 34
K5904 51030 Ge 3 3 3 3 3 3 3 2 3 3 19 20 15 19 20 34 34 34
K6849 51010 Kumar 1 3 3 3 3 3 2 3 2 3 20 20 18 20 20 35 38 40
K6898 51000 Oursland 0 2 0 3 0 2 3 2 3 0 10 4 12 18 20 24 28 31
K7398 51005 Oursland 3 2 3 3 2 2 3 3 3 2 20 10 0 20 15 38 35 33
K7533 51040 Hu 2 2 3 2 2 3 3 3 3 0 18 6 10 10 18 30 25 29
K7948 51000 Oursland 3 2 3 2 3 3 3 3 3 2 20 20 19 18 18 32 33 34
K8538 51010 Kumar 1 3 3 3 3 3 3 3 3 3 19 19 18 20 20 31 37 40
L0622 51005 Oursland 3 3 3 2 3 3 3 3 2 3 20 20 19 19 20 33 38 40
L3634 51040 Hu 3 2 3 2 3 3 3 3 3 3 10 7 1 20 20 23 25 26
L4134 51020 Ge 2 3 3 3 3 3 3 0 0 3 17 18 19 20 19 35 35 40
L5743 51020 Ge 3 3 3 3 3 3 0 3 3 3 20 20 20 17 20 35 36 37
L6312 51005 Oursland 3 3 2 3 3 3 3 3 3 3 17 17 19 20 20 34 39 38
L6615 51010 Kumar 1 2 2 1 2 3 0 2 3 3 20 19 8 15 20 31 23 29
L6685 51030 Ge 3 3 3 3 3 3 3 3 3 3 18 20 0 18 20 31 37 36
L6723 51050 Mao 2 3 3 3 3 3 3 3 3 3 18 18 10 13 18 33 30 32
L7217 51030 Ge 2 3 3 3 3 3 3 3 2 3 19 18 20 19 20 35 36 37
L7238 51035 Kumar 3 3 3 3 2 3 3 3 3 3 20 20 20 20 20 37 39 37
L7247 51030 Ge 3 3 3 3 3 3 3 3 3 3 19 16 12 19 20 35 37 32
L7642 51030 Ge 3 3 3 3 3 3 0 3 2 3 10 10 10 12 20 37 38 38
L7651 51030 Ge 3 3 3 3 3 3 3 3 3 3 15 20 20 18 20 34 39 28
L9182 51020 Ge 2 3 2 2 3 3 3 3 3 3 20 17 15 14 20 23 25 27
L9191 51015 Mao 3 3 3 3 3 3 2 3 3 3 16 13 16 12 17 29 29 33
L9984 51020 Ge 3 3 3 2 3 3 3 3 2 3 10 10 5 10 20 28 27 20
M2129 51030 Ge 3 3 3 2 2 3 0 3 3 3 19 19 20 19 20 31 37 39
M5901 51000 Oursland 3 1 3 3 2 2 3 3 2 3 1 19 14 5 20 33 28 34
M6113 51030 Ge 0 3 3 3 3 3 3 3 3 3 14 20 10 19 20 24 31 38
M6187 51000 Oursland 3 2 3 0 2 3 3 3 0 3 15 15 0 9 11 28 33 31
M6312 51000 Oursland 0 0 2 1 3 2 3 3 2 3 16 19 17 20 20 26 29 32
M6472 51000 Oursland 2 0 0 2 0 3 0 0 0 0 13 11 14 0 0 30 24 0
M6550 51000 Oursland 3 3 3 2 3 3 3 3 0 1 20 20 11 18 18 27 27 35
M6559 51050 Mao 1 0 0 1 1 3 3 0 0 0 8 0 0 0 0 9 6 0
M6588 51040 Hu 3 2 3 2 2 3 2 3 3 3 17 19 18 20 20 34 35 38
M6773 51000 Oursland 3 2 3 2 2 3 3 3 0 3 19 19 19 18 20 36 32 37
M7736 51010 Kumar 2 1 0 3 2 3 0 3 0 0 9 5 5 5 10 31 30 33
M7893 51005 Oursland 3 3 3 3 3 3 3 3 1 3 20 20 20 20 20 37 37 39
M8279 51015 Mao 3 3 0 3 3 3 0 3 3 3 18 18 18 20 20 34 34 28
M8530 51050 Mao 2 3 3 3 3 3 3 3 3 3 19 15 10 16 19 29 28 33
M8770 51040 Hu 0 3 0 0 2 0 3 3 0 0 18 12 20 20 20 31 33 30
M9012 51005 Oursland 3 3 3 3 3 3 2 3 1 2 16 6 8 15 20 26 34 24
M9193 51020 Ge 3 3 3 3 3 3 3 3 3 0 18 20 16 18 20 36 40 38
N5585 51020 Ge 3 3 0 3 0 3 0 3 0 3 20 17 0 20 14 23 20 17
N5721 51005 Oursland 3 3 2 3 1 3 2 3 1 2 20 18 15 20 19 32 33 38
N6568 51040 Hu 3 0 3 2 2 2 3 3 3 3 12 18 20 15 20 32 34 31
N6887 51035 Kumar 2 2 1 3 2 3 3 3 3 3 0 13 9 17 18 31 34 26
N8363 51005 Oursland 0 2 0 3 1 0 0 0 0 0 6 0 0 0 0 26 19 0
O1401 51030 Ge 2 3 3 3 3 3 0 3 2 3 16 13 19 10 20 33 38 13
O5060 51005 Oursland 3 3 3 3 3 3 3 3 2 3 20 19 20 20 20 39 38 39
O6592 51020 Ge 3 3 3 3 3 3 3 3 3 3 19 20 5 13 20 29 35 20
O7861 51010 Kumar 2 1 3 3 3 3 3 3 3 3 20 20 20 15 20 36 39 40
O9149 51005 Oursland 3 2 2 0 3 1 2 2 0 2 17 6 15 9 17 24 24 26
P0113 51030 Ge 2 3 3 3 3 3 3 2 3 0 13 10 0 15 20 34 29 31
P1142 51020 Ge 3 3 0 2 3 3 3 3 3 3 19 16 19 19 20 26 28 18
P6580 51005 Oursland 2 2 2 2 3 3 2 3 3 2 11 16 6 9 20 27 19 25
P7293 51000 Oursland 3 2 3 2 3 3 0 3 2 2 20 20 19 16 20 32 37 38
P7794 51010 Kumar 0 0 3 3 0 0 0 0 0 0 12 18 7 5 18 25 34 36
P8647 51010 Kumar 3 3 3 3 2 3 2 3 2 3 18 15 12 15 20 25 38 20
Q9371 51015 Mao 3 3 3 3 3 3 3 2 3 3 18 18 20 20 20 35 36 33
R2934 51005 Oursland 2 3 0 3 0 0 3 3 0 2 15 12 0 11 8 22 31 29
R3429 51015 Mao 3 3 3 3 1 3 3 3 3 3 10 10 10 13 15 31 26 35
R5248 51000 Oursland 2 2 3 3 3 3 3 3 3 2 20 20 20 20 20 34 38 40
R7104 51005 Oursland 1 2 1 2 1 1 2 0 3 2 6 6 3 3 3 18 20 21
R7158 51020 Ge 3 3 2 2 2 3 3 3 3 3 15 19 17 5 15 31 30 19
R7806 51015 Mao 3 2 3 3 3 3 3 3 3 3 20 20 20 20 20 37 39 39
R8349 51035 Kumar 2 3 3 3 2 3 3 3 3 3 17 14 13 10 20 27 28 34
R8380 51005 Oursland 2 2 3 3 2 2 3 3 2 3 20 15 18 20 20 38 38 33
R8885 51020 Ge 3 3 3 2 3 3 3 3 3 0 14 20 10 19 20 16 25 21
R9583 51010 Kumar 0 0 0 3 3 0 0 0 0 0 17 19 11 7 19 25 24 7
S1988 51050 Mao 3 3 3 2 3 3 3 3 3 0 15 10 18 18 19 25 20 28
S2061 51040 Hu 0 2 3 3 3 3 3 3 3 3 8  3 13 13 20 32 36 36
S4895 51030 Ge 3 3 2 2 3 3 3 2 2 3 0 10 5 13 20 18 37 37
S5269 51015 Mao 3 3 3 3 0 3 3 2 3 3 12 13 19 20 20 24 27 34
S5836 51030 Ge 3 3 2 0 3 3 3 3 3 0 13 10 14 10 10 31 37 38
S6516 51040 Hu 3 3 2 1 3 3 3 1 3 3 15 17 20 0  20 30 36 33
S6611 51010 Kumar 2 2 3 3 2 2 2 2 3 3 20 14 13 20 20 31 35 37
S6743 51015 Mao 3 3 3 3 3 3 3 3 3 3 20 19 19 20 20 36 37 37
S6777 51005 Oursland 0 1 0 0 1 2 2 3 1 0 17 8 11 0 1 26 25 23
S7436 51035 Kumar 0 3 3 3 2 3 2 3 3 3 17 15 13 17 18 30 28 32
S7944 51030 Ge 3 3 3 2 0 0 0 0 0 0 0 0 0 0 0 26 14 0
S8178 51005 Oursland 3 3 3 3 3 3 3 3 2 3 20 20 20 20 20 33 39 37
S8321 51000 Oursland 3 2 3 3 2 1 0 1 3 0 20 17 18 20 19 34 34 27
S8978 51015 Mao 0 0 0 0 0 0 0 0 0 0 14 10 0 0 0 28 0 0
S9176 51050 Mao 2 3 3 3 3 3 3 3 3 0 16 13 10 13 16 33 27 39
S9319 51015 Mao 2 1 3 3 3 3 3 3 3 3 14 18 16 20 20 36 27 35
T3313 51030 Ge 3 3 2 3 3 3 3 3 2 3 18 14 20 18 17 30 36 26
T7576 51010 Kumar 3 3 2 3 3 3 3 1 2 3 20 20 20 20 20 34 36 35
T7813 51040 Hu 2 3 3 3 2 3 3 3 3 2 18 12 19 20 20 35 34 32
U5936 51020 Ge 3 3 3 3 3 3 3 3 3 3 20 19 20 19 20 39 37 37
V3433 51040 Hu 3 2 3 3 1 3 3 3 3 3 16 17 20 20 20 26 21 33
V6970 51000 Oursland 2 3 2 0 2 1 2 3 1 3 12 17 15 18 20 34 39 39
V7005 51050 Mao 3 3 3 3 3 3 3 3 3 3 17 18 10 15 16 30 37 35
V7269 51000 Oursland 3 0 0 2 2 2 3 2 3 2 11 7 0 20 19 25 33 20
V7855 51010 Kumar 2 0 3 3 3 2 2 0 3 3 13 12 2 14 19 28 25 25
V8082 51040 Hu 3 3 3 1 2 3 3 3 3 3 19 20 20 20 20 32 34 38
V8137 51020 Ge 2 3 3 3 2 0 0 3 3 3 19 17 20 10 20 37 29 32
W0500 51015 Mao 3 3 3 3 2 3 3 1 3 3 11 10 10 10 10 25 21 25
W2688 51000 Oursland 3 2 3 3 2 3 3 3 2 3 19 19 18 19 20 20 36 38
W4807 51020 Ge 3 3 3 3 3 3 3 3 3 3 16 20 20 20 20 23 33 34
W6385 51015 Mao 3 3 3 3 3 3 3 2 2 3 18 18 19 20 20 31 33 23
W6713 51020 Ge 3 3 3 3 3 3 3 2 3 3 20 20 20 19 20 37 39 39
W6948 51030 Ge 3 0 0 0 0 0 3 3 3 3 20 17 20 15 20 29 36 34
W7663 51010 Kumar 3 3 3 3 3 3 3 3 3 3 20 20 20 20 20 35 40 40
W9339 51000 Oursland 3 3 3 3 2 3 3 3 2 3 20 20 20 20 20 37 38 40
X6784 51015 Mao 3 3 3 2 3 3 3 1 3 3 17 15 16 18 18 15 15 13
Y5653 51020 Ge 3 3 3 3 3 3 3 3 1 3 18 20 5 20 0 31 32 22

18
3 3 3 3 3 3 3 3 3 3 20 20 20 20 20 40 40 40
1 1 1 1 1 1 1 1 1 1  5  5 10 10 10 10 15 25
A0262 51030 Ge 3 3 2 3 3 3 3 3 3 3 15 19 14 13 20 33 37 39
A6958 51050 Mao 2 3 0 3 3 3 0 3 2 3 5 10 0 14 15 26 29 31

18
3 3 3 3 3 3 3 3 3 3 20 20 20 20 20 40 40 40
1 1 1 1 1 1 1 1 1 1  5  5 10 10 10 10 15 25
A0262 51030 Ge 3 3 2 3 3 3 3 3 3 3 15 19 14 13 20 33 37 39
A6958 51050 Mao 2 3 0 3 3 3 0 3 2 3 5 10 0 14 15 26 29 31
A8338 51005 Oursland 1 3 1 2 1 3 3 2 2 2 16 13 5 10 17 13 25 16
